0 0 0 1 0 1
1 0 0 2 0 2
2 0 0 2 0 2
3 0 0 3 0 3
4 0 0 4 0 4
5 0 0 4 0 4
6 0 0 5 0 5
7 0 0 6 0 6
8 0 0 6 0 6
9 0 0 7 0 7
10 0 0 8 0 8
11 0 0 8 0 8
12 0 0 9 0 9
13 0 1 11 0 2
14 0 1 12 0 2
15 0 1 12 0 2
16 0 1 12 0 2
17 0 1 13 0 4
18 0 0 1 1 1
19 0 0 2 1 2
20 0 0 2 1 2
21 0 0 3 1 3
22 0 0 3 1 3
23 0 0 4 1 4
24 0 0 5 1 5
25 0 0 6 1 6
26 0 0 7 1 7
27 0 0 7 1 7
28 0 0 8 1 8
29 0 0 8 1 8
30 0 0 9 1 9
31 0 1 11 1 2
32 0 1 12 1 3
33 0 1 12 1 3
34 0 1 13 1 3
35 0 1 13 1 3
36 0 0 1 2 1
37 0 0 2 2 2
38 0 0 2 2 2
39 0 0 3 2 3
40 0 0 4 2 4
41 0 0 5 2 5
42 0 0 6 2 6
43 0 0 7 2 7
44 0 0 8 2 8
45 0 0 8 2 8
46 0 0 9 2 9
47 0 1 11 2 3
48 0 1 11 2 3
49 0 1 12 2 3
50 0 1 13 2 3
51 0 1 13 2 3
52 0 0 1 3 1
53 0 0 2 3 2
54 0 0 3 3 3
55 0 0 4 3 4
56 0 0 5 3 5
57 0 0 6 3 6
58 0 0 7 3 7
59 0 0 8 3 8
60 0 0 9 3 9
61 0 1 11 3 3
62 0 1 11 3 3
63 0 1 12 3 4
64 0 1 13 3 2
65 0 1 13 3 2
66 1 0 0 王室聯姻 指定自己以外的一名玩家，交給決策者一張指令牌。 0 2
67 1 0 1 破壞名譽 指定自己或一名玩家，丟棄手牌中二張「清廉形象」。 0 4
68 1 0 2 資助革命 所有玩家丟棄手牌中所有的「清廉形象」。 0 7
69 1 0 3 貿易轉移 指定自己以外的一名玩家，從手牌中選擇一張權力值為５的權力牌交給決策者。 0 8
70 1 0 4 惡性傾銷 指定自己以外的一名玩家，將此次發動條件使用的牌交給該玩家。 1 3
71 1 0 5 生產特許 從棄牌堆選一張牌加入手牌。 1 3
72 1 0 6 壟斷市場 所有手牌中沒有「工業」權力牌或指令牌的玩家，丟棄三張「財富」權力牌或指令牌。 1 6
73 1 0 7 蒸氣火車 將場牌中所有翻開的「工業」權力牌和指令牌加入手牌。 1 8
74 1 0 8 殖民戰爭 指定自己以外的一名玩家挑起殖民戰爭，「海權」總權力值較大的玩家取得勝利。勝利者從失敗者的手牌中抽出三張牌，並選擇至少一張牌加入自己的手牌；剩餘的牌歸則歸還給對手。 2 1
75 1 0 9 貿易協定 指定自己以外的一名玩家，自己與該玩家分別從手牌中選擇一張牌並交換。 2 2
76 1 1 10 港埠封鎖 只能在會議結束前使用，在此次會議結束以後封鎖其他玩家的海上行動直到下一次會議召開。期間內其他玩家不能從翻開的場牌獲得「海權」權力牌或指令牌。 2 5
77 1 0 11 煽動獨立 所有玩家丟棄手牌中所有的「拓殖」，並將場上翻開的「拓殖」丟棄到棄牌堆。 2 6
78 1 0 12 宣戰 指定自己以外的一名玩家挑起戰爭，「軍事」總權力值較大的玩家取得勝利。勝利者從失敗者的手牌中抽出三張牌，並選擇至少一張牌加入自己的手牌；剩餘的牌歸則歸還給對手。 3 1
79 1 1 13 軍火禁運 只能在會議結束前使用，在此次會議結束以後封鎖其他玩家的軍事行動直到下一次會議召開。期間內其他玩家不能從翻開的場牌獲得「軍事」權力牌或指令牌。 3 5
80 1 1 14 軍事干涉 只能在會議結束前使用，在此次會議結束以後封鎖其他玩家的決策權力直到下一次會議召開。期間內其他玩家不能在行動階段使用決策牌。 3 6
81 1 1 15 邊境封鎖 只能在會議結束前使用，在此次會議結束以後封鎖其他玩家的貿易行動直到下一次會議召開。期間內其他玩家不能從翻開的場牌獲得「財富」「工業」權力牌或指令牌。 3 8
82 1 0 16 請求軍事援助 所有玩家從手牌中選擇一張「軍事」權力牌交給決策者。 0 5 1 1
83 1 0 17 三角貿易 所有玩家各交出一張牌後，決策者觀看並將這幾張牌以任意順序分還給所有玩家各一張。 0 2 2 3
84 1 0 18 政治協商 所有玩家丟棄手牌中一張權力值為５的權力牌。 0 5 3 5
85 1 0 19 擴張主義 這場遊戲中，決策者的決策牌持有上限增加一張。 1 3 2 4
86 1 0 20 槍械研發 決策者立即額外進行一次抽牌階段，且一回合內可以使用任意數量的指令牌。 1 6 3 3
87 1 0 21 總動員令 所有玩家丟棄手牌中所有的「政治改革」，並將場上翻開的「政治改革」丟棄到棄牌堆。 2 3 3 3
88 1 0 22 政府再造 決策者從手牌中丟棄一張牌。
89 1 1 23 均勢原則 只能在會議結束前使用，在此次會議結束以後限制會議主導者的行動直到下一次會議召開。期間內該玩家不能從翻開的場牌獲得指令牌。